{
  "Sirius": 75.00402233,
  "Vega": 39.09644,
  "Neptune": 27.9619385,
  "Alpha Centauri": 87.87561,
  "Mars": 47.8161,
  "Betelgeuse": 80.06478711,
  "Polaris": 35.600538236,
  "Uranus": 73.175,
  "Jupiter": 42.53,
  "Antares": 87.49431218,
  "Proxima Centauri": 50.095789946,
  "Earth": 89.3,
  "Saturn": 69.8,
  "Aldebaran": 30.04846602,
  "Ceres": 55.691954
}